{
  "financial_profiles": {
    "total_people": 10,
    "age_distribution": [
      19,
      62,
      80,
      46,
      63,
      72,
      56,
      40,
      22,
      53
    ],
    "income_distribution": [
      80396,
      30040,
      35545,
      28468,
      64921,
      20610,
      90358,
      55539,
      178454,
      26803
    ],
    "wealth_distribution": [
      1632843,
      453084,
      1106624,
      1370339,
      606358,
      988384,
      458008,
      295056,
      992922,
      549493
    ],
    "risk_tolerance_distribution": {
      "high": 4,
      "low": 2,
      "moderate": 4
    },
    "family_status_distribution": {
      "widowed": 3,
      "divorced": 4,
      "married_with_children": 1,
      "divorced_single_parent": 1,
      "single": 1
    },
    "asset_allocation": {
      "cash": 10,
      "investments": 10,
      "real_estate": 7,
      "retirement_accounts": 10,
      "other_assets": 10
    },
    "liability_distribution": [
      72119,
      11821,
      157145,
      35661,
      268055,
      154566,
      75763,
      135232,
      22135,
      10599
    ],
    "goal_analysis": {
      "total_goals": 30
    },
    "life_events_analysis": {
      "total_events": 40
    },
    "age_stats": {
      "mean": 51.3,
      "std": 18.937000818503442,
      "min": 19.0,
      "max": 80.0
    },
    "income_stats": {
      "mean": 61113.4,
      "std": 45325.714357746205,
      "min": 20610.0,
      "max": 178454.0
    },
    "wealth_stats": {
      "mean": 845311.1,
      "std": 419241.86934547697,
      "min": 295056.0,
      "max": 1632843.0
    }
  },
  "investment_preferences": {
    "preferred_asset_classes": {
      "crypto": 5,
      "private_equity": 3,
      "cash": 3,
      "real_estate": 6,
      "bonds": 3,
      "stocks": 4,
      "commodities": 6
    },
    "avoided_asset_classes": {
      "commodities": 4,
      "cash": 4,
      "bonds": 4,
      "stocks": 1,
      "real_estate": 5,
      "private_equity": 1,
      "crypto": 1
    },
    "target_allocations": [
      {
        "private_equity": 0.37,
        "crypto": 0.4,
        "commodities": 0.23
      },
      {
        "real_estate": 0.24,
        "bonds": 0.58,
        "cash": 0.18
      },
      {
        "cash": 0.21,
        "bonds": 0.39,
        "stocks": 0.4
      },
      {
        "stocks": 0.18,
        "bonds": 0.04,
        "crypto": 0.78
      },
      {
        "private_equity": 0.27,
        "real_estate": 0.44,
        "bonds": 0.29
      },
      {
        "cash": 0.24,
        "stocks": 0.42,
        "crypto": 0.34
      },
      {
        "bonds": 0.14,
        "stocks": 0.37,
        "real_estate": 0.49
      },
      {
        "real_estate": 0.48,
        "crypto": 0.12,
        "bonds": 0.4
      },
      {
        "private_equity": 0.51,
        "commodities": 0.41,
        "real_estate": 0.08
      },
      {
        "private_equity": 0.15,
        "crypto": 0.43,
        "real_estate": 0.42
      }
    ],
    "liquidity_needs": [
      79270,
      29265,
      90848,
      71215,
      23950,
      35237,
      52519,
      28471,
      18162,
      38283
    ],
    "tax_considerations": {
      "24%": 3,
      "37%": 2,
      "32%": 3,
      "12%": 1,
      "10%": 1
    },
    "constraints": {
      "ethical_investing": 4
    }
  },
  "life_events_patterns": {
    "event_categories": {
      "housing": 3,
      "career": 13,
      "retirement": 9,
      "family": 8,
      "education": 2,
      "investment": 5
    },
    "financial_impacts": [
      -44238,
      -78228,
      75490,
      68779,
      -44194,
      -55650,
      -27059,
      78504,
      -41723,
      89785,
      52984,
      2617,
      -1660,
      -8476,
      -49273,
      -64411,
      -42109,
      23708,
      26228,
      38522,
      26357,
      -56204,
      -87514,
      -65119,
      -39627,
      -93427,
      -87608,
      -51054,
      -31520,
      -2785,
      -45592,
      -20820,
      -10817,
      96687,
      32478,
      38987,
      15981,
      87019,
      8395,
      67895
    ],
    "timing_patterns": {
      "5+_years": 15,
      "1_3_years": 10,
      "within_1_year": 3,
      "3_5_years": 2
    },
    "probability_distribution": [
      0.25,
      0.54,
      0.73,
      0.21,
      0.58,
      0.45,
      0.38,
      0.16,
      0.64,
      0.46,
      0.21,
      0.41,
      0.13,
      0.13,
      0.19,
      0.13,
      0.33,
      0.67,
      0.7,
      0.23,
      0.85,
      0.86,
      0.25,
      0.63,
      0.34,
      0.18,
      0.31,
      0.68,
      0.35,
      0.25
    ],
    "financial_impact_stats": {
      "mean": -5467.3,
      "std": 54181.35389605911,
      "min": -93427.0,
      "max": 96687.0
    },
    "probability_stats": {
      "mean": 0.4076666666666666,
      "std": 0.22272080180251586,
      "min": 0.13,
      "max": 0.86
    }
  },
  "similarity_matrix": {
    "similarity_matrix": [
      [
        1.0,
        8.054622351310986e-07,
        2.2256232305710596e-06,
        3.3202978608401865e-06,
        1.1718536863917742e-06,
        1.7604757067688862e-06,
        8.538268356096319e-07,
        7.835538304618494e-07,
        1.4456835419038912e-06,
        8.722025237144813e-07
      ],
      [
        8.054622351310986e-07,
        1.0,
        1.2315640967491123e-06,
        1.0622500728335974e-06,
        2.070106640897247e-06,
        1.4431914628923523e-06,
        1.0641132369669159e-05,
        7.801824451168775e-06,
        1.817356823905293e-06,
        1.050466026020265e-05
      ],
      [
        2.2256232305710596e-06,
        1.2315640967491123e-06,
        1.0,
        5.3461112300929e-06,
        2.4700776850266736e-06,
        8.274890349962194e-06,
        1.3614308577473368e-06,
        1.1993715179576125e-06,
        3.533636666911442e-06,
        1.3912546258873612e-06
      ],
      [
        3.3202978608401865e-06,
        1.0622500728335974e-06,
        5.3461112300929e-06,
        1.0,
        1.723643887791782e-06,
        3.464081948487413e-06,
        1.1452767692715151e-06,
        1.0195962001714237e-06,
        2.556381507371173e-06,
        1.1816417601758567e-06
      ],
      [
        1.1718536863917742e-06,
        2.070106640897247e-06,
        2.4700776850266736e-06,
        1.723643887791782e-06,
        1.0,
        3.430123910120393e-06,
        2.5564332733566014e-06,
        2.1572079174587214e-06,
        3.5298477223906746e-06,
        2.461217606826348e-06
      ],
      [
        1.7604757067688862e-06,
        1.4431914628923523e-06,
        8.274890349962194e-06,
        3.464081948487413e-06,
        3.430123910120393e-06,
        1.0,
        1.6279862390960185e-06,
        1.4026716749229151e-06,
        5.431658256505565e-06,
        1.6656233268985212e-06
      ],
      [
        8.538268356096319e-07,
        1.0641132369669159e-05,
        1.3614308577473368e-06,
        1.1452767692715151e-06,
        2.5564332733566014e-06,
        1.6279862390960185e-06,
        1.0,
        8.378391702436915e-06,
        2.0649826341476747e-06,
        1.4228793175107932e-05
      ],
      [
        7.835538304618494e-07,
        7.801824451168775e-06,
        1.1993715179576125e-06,
        1.0195962001714237e-06,
        2.1572079174587214e-06,
        1.4026716749229151e-06,
        8.378391702436915e-06,
        1.0,
        1.678961322629485e-06,
        5.557028776934304e-06
      ],
      [
        1.4456835419038912e-06,
        1.817356823905293e-06,
        3.533636666911442e-06,
        2.556381507371173e-06,
        3.5298477223906746e-06,
        5.431658256505565e-06,
        2.0649826341476747e-06,
        1.678961322629485e-06,
        1.0,
        2.197260224047407e-06
      ],
      [
        8.722025237144813e-07,
        1.050466026020265e-05,
        1.3912546258873612e-06,
        1.1816417601758567e-06,
        2.461217606826348e-06,
        1.6656233268985212e-06,
        1.4228793175107932e-05,
        5.557028776934304e-06,
        2.197260224047407e-06,
        1.0
      ]
    ],
    "characteristics": [
      [
        19,
        false,
        true,
        1704962,
        72119,
        3
      ],
      [
        62,
        false,
        true,
        464905,
        11821,
        3
      ],
      [
        80,
        false,
        false,
        1263769,
        157145,
        3
      ],
      [
        46,
        false,
        false,
        1406000,
        35661,
        3
      ],
      [
        63,
        false,
        false,
        874413,
        268055,
        3
      ],
      [
        72,
        false,
        false,
        1142950,
        154566,
        3
      ],
      [
        56,
        false,
        true,
        533771,
        75763,
        3
      ],
      [
        40,
        false,
        true,
        430288,
        135232,
        3
      ],
      [
        22,
        true,
        false,
        1015057,
        22135,
        3
      ],
      [
        53,
        false,
        false,
        560092,
        10599,
        3
      ]
    ],
    "person_ids": [
      "person_001",
      "person_002",
      "person_003",
      "person_004",
      "person_005",
      "person_006",
      "person_007",
      "person_008",
      "person_009",
      "person_010"
    ]
  }
}